-8.000000000000000383e-04
-1.000000000000000021e-03
-1.299999999999999940e-03
-1.699999999999999905e-03
-2.200000000000000133e-03
-2.899999999999999800e-03
-3.700000000000000164e-03
-4.700000000000000185e-03
-6.000000000000000125e-03
-7.599999999999999985e-03
-9.599999999999999159e-03
-1.200000000000000025e-02
-1.490000000000000005e-02
-1.839999999999999969e-02
-2.249999999999999917e-02
-2.730000000000000135e-02
-3.280000000000000276e-02
-3.899999999999999994e-02
-4.580000000000000043e-02
-5.299999999999999850e-02
-6.010000000000000064e-02
-6.679999999999999827e-02
-7.199999999999999456e-02
-7.459999999999999964e-02
-7.309999999999999831e-02
-6.539999999999999980e-02
-4.909999999999999781e-02
-2.189999999999999933e-02
1.799999999999999864e-02
7.080000000000000182e-02
1.335000000000000075e-01
1.983000000000000040e-01
2.520000000000000018e-01
2.772000000000000020e-01
2.585000000000000075e-01
1.937000000000000111e-01
1.040999999999999981e-01
3.090000000000000038e-02
2.200000000000000133e-03
0.000000000000000000e+00
