-7.292727043475486504e-01
-5.937142735487790368e-01
-4.641461260859184312e-01
-3.496631375670755659e-01
-2.619892147777729274e-01
-2.069247762608356633e-01
-1.828674877138907751e-01
-1.764263002752753107e-01
-1.674069383699997027e-01
-1.321085978401648486e-01
-1.879117539670498993e-01
1.818217514451643257e-01
6.231020808143951095e-01
1.061223036850455825e+00
1.409271405656880916e+00
1.624509667781542044e+00
1.696567417486803064e+00
1.666740937284852730e+00
1.599033856681652210e+00
1.545078444859435685e+00
1.523684846236603940e+00
1.529816108570377420e+00
1.536646348664707729e+00
1.534089656458561546e+00
1.550019715581621327e+00
1.634847675550528123e+00
1.822951200653355697e+00
2.099401267087153578e+00
2.387748282647640607e+00
2.580343797810983553e+00
2.568893772180750990e+00
2.317616598530213068e+00
1.849050958850771975e+00
1.251183536042650424e+00
6.188635059123427373e-01
4.233214589287097318e-02
-4.300670213053761626e-01
-7.584765545623375349e-01
-9.123375504584873008e-01
-8.550115793665860053e-01
-5.578297347076919266e-01
-3.730623745588871470e-02
6.429843167882220989e-01
1.377360736984714285e+00
2.047416772119638573e+00
2.545287130583683499e+00
2.802701778315061620e+00
2.792147636647722919e+00
2.526540018726994408e+00
2.059698566434106315e+00
1.480540334781205170e+00
8.868556579473205748e-01
3.602902993640510476e-01
-4.577875260403659746e-02
-3.215498101961571931e-01
-4.804078540979736522e-01
-5.497662809857392086e-01
-5.492451533839741717e-01
-4.966109792260062217e-01
-3.975489609425006954e-01
-2.534531993790520854e-01
-7.523416670809067452e-02
1.155545680218066917e-01
2.744519259659340960e-01
3.624006179281712980e-01
3.428936209796789591e-01
2.068689314873672358e-01
-4.332082482238022031e-02
-3.849605944930614143e-01
-7.764774959426212764e-01
-1.156130077203427975e+00
-1.447023848829533721e+00
-1.574868451203304431e+00
-1.505566486015590622e+00
-1.259360343903275004e+00
-9.051268513734235244e-01
-5.305498952484212216e-01
-2.262328687250017289e-01
-3.772778149580355289e-02
2.160298632059852453e-02
-3.174470491884573420e-02
-1.698447721552027168e-01
-3.567801414740076060e-01
-5.521277068924481668e-01
-7.264990698488195120e-01
-8.593756245626047452e-01
-9.500867159027879261e-01
-1.010436273683974040e+00
-1.040623511674791724e+00
-1.028603392151339779e+00
-9.485010677175611526e-01
-7.890328746559706063e-01
-5.550533889181583636e-01
-2.833053641527486510e-01
-3.763313161989732120e-02
1.222258457597134029e-01
1.530040109681077842e-01
5.015345155873229821e-02
-1.489795446458076489e-01
-3.900473969089682802e-01
-6.155180856300511705e-01
-7.866516652667674414e-01
-8.907447199904715562e-01
-9.211426014152347408e-01
-8.765412364463026629e-01
-7.425827444906080155e-01
-5.298570589331250691e-01
-2.748659561890608449e-01
-4.345529658170661780e-02
8.460504826091634623e-02
5.800506760316689187e-02
-1.189005876898425740e-01
-3.837101465078818774e-01
-6.391292844026046360e-01
-7.847261835753402970e-01
-7.497520047417814970e-01
-5.217472160556242411e-01
-1.459024738078123773e-01
2.938517418031757478e-01
7.052464419936648188e-01
1.017326014100050191e+00
1.211934237368302414e+00
1.319558758400071419e+00
1.393259494505767027e+00
1.479914459952886618e+00
1.593661120295772893e+00
1.702090443694070032e+00
1.760182146447631935e+00
1.711498404125646911e+00
1.519297659781838394e+00
1.183304101130261632e+00
7.300439573808044091e-01
2.029093111425663842e-01
-3.519976418172521826e-01
-8.794906467870117206e-01
-1.326321884816020757e+00
-1.631366335580965998e+00
-1.746113325144563078e+00
-1.641281293887943082e+00
-1.327884343122860855e+00
-8.367460395060689615e-01
-2.302888399153907029e-01
4.108302367455430315e-01
9.926513675450722163e-01
1.426516917790789485e+00
1.625110729924174269e+00
1.536629803017371287e+00
1.151145898370485865e+00
5.050619630665016402e-01
-3.046348914285517129e-01
-1.150696019963519889e+00
-1.909012326578902963e+00
-2.475723298016279550e+00
-2.787205694691795799e+00
-2.830609333419053630e+00
-2.647790591205998911e+00
-2.315687904688147114e+00
-1.928454863653496609e+00
-1.543028493157260428e+00
-1.169856126334713586e+00
-7.816525440805778269e-01
-3.565955145369260615e-01
9.413302054284436449e-02
5.007119286328214347e-01
7.883433088221587504e-01
8.927164975006295355e-01
8.053486674059777695e-01
5.642988342158103965e-01
2.328441760063525434e-01
-1.112792674833796847e-01
-4.069049781870485161e-01
-6.056977704914966454e-01
-6.921751978956290907e-01
-6.792582931236469390e-01
-6.118558085689398407e-01
-5.558623575564285435e-01
-5.792864542187228238e-01
-7.198728030947696421e-01
-9.817560533101633569e-01
-1.311721023601569058e+00
-1.611607874141817387e+00
-1.777131706807880462e+00
-1.725281145388204207e+00
-1.425870872752213803e+00
-8.939055422820227914e-01
-2.032635793335245133e-01
5.568519562917318977e-01
1.288347828134280615e+00
1.905822577020801933e+00
2.349178535423180225e+00
7.914101813815206388e-01
7.940203230072429008e-01
7.319783136728594819e-01
6.185019643495862640e-01
4.696309180329744093e-01
3.051261539794922206e-01
1.428014204363481088e-01
-5.239271847406589550e-03
-1.322384240712932979e-01
-2.333615961284505325e-01
